6.6743e-11 100 100
1000000
0 0
1 1
1000000
0 0
2 2
1000000
0 0
3 3
1000000
0 0
4 4
1000000
0 0
5 5
1000000
0 0
6 6
1000000
0 0
7 7
1000000
0 0
8 8
1000000
0 0
9 9
1000000
0 0
10 10
1000000
0 0
11 11
1000000
0 0
12 12
1000000
0 0
13 13
1000000
0 0
14 14
1000000
0 0
15 15
1000000
0 0
16 16
1000000
0 0
17 17
1000000
0 0
18 18
1000000
0 0
19 19
1000000
0 0
20 20
1000000
0 0
21 21
1000000
0 0
22 22
1000000
0 0
23 23
1000000
0 0
24 24
1000000
0 0
25 25
1000000
0 0
26 26
1000000
0 0
27 27
1000000
0 0
28 28
1000000
0 0
29 29
1000000
0 0
30 30
1000000
0 0
31 31
1000000
0 0
32 32
1000000
0 0
33 33
1000000
0 0
34 34
1000000
0 0
35 35
1000000
0 0
36 36
1000000
0 0
37 37
1000000
0 0
38 38
1000000
0 0
39 39
1000000
0 0
40 40
1000000
0 0
41 41
1000000
0 0
42 42
1000000
0 0
43 43
1000000
0 0
44 44
1000000
0 0
45 45
1000000
0 0
46 46
1000000
0 0
47 47
1000000
0 0
48 48
1000000
0 0
49 49
1000000
0 0
50 50
1000000
0 0
51 51
1000000
0 0
52 52
1000000
0 0
53 53
1000000
0 0
54 54
1000000
0 0
55 55
1000000
0 0
56 56
1000000
0 0
57 57
1000000
0 0
58 58
1000000
0 0
59 59
1000000
0 0
60 60
1000000
0 0
61 61
1000000
0 0
62 62
1000000
0 0
63 63
1000000
0 0
64 64
1000000
0 0
65 65
1000000
0 0
66 66
1000000
0 0
67 67
1000000
0 0
68 68
1000000
0 0
69 69
1000000
0 0
70 70
1000000
0 0
71 71
1000000
0 0
72 72
1000000
0 0
73 73
1000000
0 0
74 74
1000000
0 0
75 75
1000000
0 0
76 76
1000000
0 0
77 77
1000000
0 0
78 78
1000000
0 0
79 79
1000000
0 0
80 80
1000000
0 0
81 81
1000000
0 0
82 82
1000000
0 0
83 83
1000000
0 0
84 84
1000000
0 0
85 85
1000000
0 0
86 86
1000000
0 0
87 87
1000000
0 0
88 88
1000000
0 0
89 89
1000000
0 0
90 90
1000000
0 0
91 91
1000000
0 0
92 92
1000000
0 0
93 93
1000000
0 0
94 94
1000000
0 0
95 95
1000000
0 0
96 96
1000000
0 0
97 97
1000000
0 0
98 98
1000000
0 0
99 99
1000000
0 0
100 100